* File "OBJ.DAT"
* Contiene le informazioni per costruire l'array obj^
* Formato :
* <#obj> <tipo1> <tipo2> [<aggett> <NomeLoc>]
* <switch1> <switch2> ...   N.B. <switch#> == 0..5
* <dov'Š> [<chi nasconde>]

1 1 5
1 2 5
8

2 1 4
1 2 5
8

3 10 3
1 2 5
8

4 13 1
1 2 4 5
7

5 20 3
1 2 5
7

6 28 2
1 5
12

7 31 1 1 tup‹n da noit
1 2 5
12

8 50 1
1 2 5
8

9 35 3
1 2 5
11

10 23 2
1 2 5
11

11 5 1
1 5
5

12 4 1
1 5
5

13 3 5
1 2 5
5

14 12 1
1 5
5

15 2 2
1 2 5
6

16 6 2
1 2 5
6

17 11 3
1 5
6

18 11 8
1 5
6

19 14 1
1 5
10

20 19 2
1 2 5
10

21 24 2
1 2 5
10

22 17 2
1 2 5
9

23 32 1
1 2 5
9

24 13 3
1 2 5
9

25 20 8
1 2 5
15

26 23 5
1 2 4 5
16

27 47 1
1 2 5
13

28 1 1
1 2 5
2

29 35 2
1 2 5
2

30 46 4
1 2 5
1

31 53 2
1 5
1

32 53 4
1 2 5
1

33 14 4
1 5
4

34 12 6
1 5 2
4

35 13 5
1 2 5
24

36 10 3
1 2 5
24

37 10 2
1 2 5
24

38 3 6
1 2 5
24

39 2 2
1 2 5
24

40 14 3
1 2 5
17

41 11 8
1 5
17

42 11 7
1 5
18

43 11 9
1 2 5
18

44 11 6
1 5
19

45 14 1
1 5
20

46 14 5
1 5
20

47 13 9
1 2 5
21

48 19 5
1 2 5
21

49 15 2
1 2 5
27

50 29 3
1 2 5
27

51 5 2
1 5
27

52 1 8
1 2 5
27

53 1 2
1 2 5
27

54 4 3
1 2 5
27

55 28 2
1 5
22

56 35 4
1 2 5
23

57 46 2
1 2 5
23

58 48 1
1 5
23

59 20 9
1 2 5
3

60 23 6
1 2 5
3

61 26 3
1 2 5
25

62 33 1
1 2 5
25

63 22 1
1 2 5
25

64 6 4
1 2 5
26

65 34 1
1 2 5
26

66 55 1
1 2 5
26

67 14 5
1 5
105

68 20 2
1 2 5
105

69 23 4
1 2 5
105

70 45 2
1 5
63

71 11 11
1 5
63

72 30 1
1 2 5
63

73 30 2
1 2 5
63

74 36 1
1 2 5
64

75 43 1
1 5
64

76 15 1
1 2 5
64

77 12 9
1 2 5
64

78 3 6
1 2 5
64

79 7 2
1 2 5
57

80 12 6
1 2 5
57

81 9 3
1 2 5
64

82 58 2
1 2 5
56

83 33 1
1 2 5
56

84 13 6
1 2 5
56

85 3 11
1 2 5
63

86 4 4
1 5
55

87 8 6
1 2 5
55

88 3 9
1 2 5
55

89 1 11
1 2 5
55

90 3 2
1 2 5
54

91 6 2
1 2 5
54

92 11 7
1 5
54

93 12 3
1 2 5
54

94 30 1
1 2 5
61

95 2 3
1 2 5
61

96 3 1
1 2 5
62

97 6 1
1 2 5
62

98 7 1
1 2 5
62

99 23 3
1 2 5
60

100 31 5
1 5
60

101 31 6
1 5
60

102 23 4
1 2 5
69

103 32 2
1 2 5
69

104 18 2
1 2 5
69

105 5 1
1 5
69

106 54 1
1 5
68

107 53 1
1 5
68

108 58 1
1 2 5
68

109 4 1
1 5
67

110 12 1
1 2 5
67

111 52 4
1 2 5
67

112 24 2
1 2 5
93

113 26 2
1 2 5
93

114 28 1
1 2 5
93

115 14 3
1 5
94

116 20 6
1 5
94

117 6 2
1 2 5
95

118 4 4
1 5
95

119 12 8
1 2 5
96

120 46 4
1 2 5
96

121 14 5
1 2 5
96

122 13 4
1 2 4 5
97

123 35 4
1 2 5
97

124 47 2
1 2 5
97

125 52 1
1 2 5
97

126 20 10
1 2 5
74

127 11 6
1 5
74

128 7 1
1 2 5
75

129 14 3
1 2 5
76

130 19 4
1 2 5
76

131 3 9
1 2 5
77

132 51 1
1 2 5
77

133 28 2
1 5
77

134 54 1
1 5
73

135 34 5
1 2 5
73

136 1 10
1 2 5
73

137 14 1
1 2 5
73

138 13 2
1 2 4 5
59

139 17 1
1 2 5
59

140 46 8
1 2 5
59

141 46 9
1 2 5
59

142 52 2
1 2 5
59

143 47 1
1 2 5
59

144 53 3
1 2 5
58

145 34 3
1 2 5
58

146 28 2
1 5
58

147 12 7
1 2 5
70

148 4 2
1 2 5
70

149 3 7
1 2 5
71

150 1 4
1 2 5
71

151 1 2
1 2 5
71

152 56 1
1 2 5
72

153 20 5
1 5
72

154 20 8
1 2 5
72

155 34 3
1 2 5
114

156 58 2
1 2 5
114

* manca la 157

158 20 4
1 2 5
113

159 4 4
1 5
113

160 36 1
1 2 5
115

161 33 1
1 2 5
115

162 13 3
1 2 5
115

163 26 1
1 2 5
115

164 20 2
1 2 5
115

165 15 2
1 2 5
115

166 43 1
1 5
115

167 20 4
1 2 5
142

168 10 3
1 2 5
142

169 7 3
1 2 5
142

170 20 4
1 2 5
143

171 9 2
1 2 5
143

172 11 13
1 2 5
143

* fine oggetti SMAU

0