* File "DATO.DAT"
* Contiene l'array dato^: i parametri fissi di ogni tipo di oggetto
* Formato:
* <tipo1> <tipo2> <articoli> <NomeGlb>
* <#param1>.<val_param1> ...
* <verbo1P> <verbo2P> ...
* <verbo1L> <verbo2L> ...
* N.B. l'insieme vuoto Š #

1 1 2 tuma
0.4 1.12 6.? 11.2 12.3 13.8 14.7
1 2 3 28 32
3

1 2 2 pagnotta
0.2 1.8 12.5 13.3 14.5
1 2 3 32
3

1 3 1 fungo
1.14 6.? 12.3
1 2 3
3

1 4 6 castagne
0.6 1.10 6.? 10.14 12.10 13.1 14.1
1 2 32
31

1 5 6 bacche
0.1 1.2 6.? 13.1 14.1
1 2 3
3

1 6 1 ciuciamarus
1.1 13.1 14.1
33
#

1 7 1 gatto morto
1.10 6.15 11.3 12.5 13.6 14.6
1 3 28 33
3

2 1 2 chiave moderna
0.10 2.? 8.10 13.1 14.2
1 4 32 43 44
#

2 2 2 chiave normale
0.10 2.? 8.7 13.2 14.3
1 4 5 32 43 44
#

2 3 2 chiave per portoni
0.8 2.? 8.7 13.3 14.4
1 4 5 30 32 43 44
#

3 1 1 manico di scopa
0.9 6.? 9.? 10.1 11.6 12.12 13.4 14.10
4 5 21 28 32
#

3 2 2 clava
0.10 6.? 10.8 11.8 12.12 13.5 14.10
4 5 28 32
#

3 3 2 spranga fermaporte
0.15 2.? 3.7 8.? 13.6 14.7
4 5 17 32
34

3 5 1 bastone da passeggio
0.7 6.? 10.2 11.10 12.10 13.3 14.5
4 5 28 32
#

3 11 3 asse da muratore
0.12 10.10 6.? 11.3 12.13 13.9 14.13
28 5
6 35

3 6 3 attizzatoio
0.10 2.? 3.8 8.6 13.8 14.5
4 17 5 32
#

19 2 4 alabarda
0.12 2.? 3.14 6.? 8.10 10.10 13.8 14.10
4 5 17 32
#

1 8 1 salame
0.4 1.10 6.? 11.4 12.5 13.3 14.4
1 2 3 28 32 33
3

1 9 8 cicoria
1.2 6.? 12.2 13.1 14.2
1 2 3
3 34

1 10 2 noce
0.6 1.3 6.? 11.10 13.2 14.3
1 2 8 28 32
#

3 7 1 piede di porco
0.13 2.? 13.3 14.7
4 5 32
#

3 8 2 spranga fermaportoni
0.12 11.6 6.? 9.? 10.? 12.12 13.9 14.13
4 5 28 32
28

6 2 2 tenda ricamata
4.10 5.8 9.? 11.12 12.8 13.4 14.8
3 10 11 12 13 28 31 34
8 9 11 12 13 14 15 28 21 34

6 3 2 tenda di juta
4.3 5.11 9.? 11.8 12.10 13.8 14.10
10 11 12 13 28 31
8 9 11 12 13 14 15 28 31

7 1 5 spago
3.6 5.8 11.3 12.4 13.3 14.4
11 12 13 17 28 31
12 13 14 15 28 34

1 11 2 mela
0.4 1.3 6.? 12.3 13.3 14.4
1 2 3 33 32
3 31 34

7 2 2 corda intrecciata
5.12 11.4 12.9 13.9 14.13
11 12 13 28 31
11 12 13 14 15 28 31 34

7 3 2 corda dij balot
3.4 5.5 11.8 12.6 13.3 14.3
11 12 13 28 31 17
11 12 13 14 15 28 31

7 4 2 corda del motocoltivatore
5.15 12.15 13.4 14.4
11 12 13 28 31
11 12 13 14 15 28 31

20 9 1 candelabro ebraico
0.11 13.6 14.9
4 5 32
7 31

20 10 1 portacandela
0.12 13.3 14.7
4 5 32
7 31

28 1 5 specchietto
0.2 3.14 8.15 10.? 13.3 14.3
4 5 29 32 17
7 29 31

28 2 5 specchio a muro
0.3 3.14 8.15 10.? 13.15 14.15
#
29 31

30 1 1 mattone
0.4 5.8 3.10 10.13 13.4 14.4
5 32 17
6 7 31

30 2 1 coppo
0.3 5.11 10.13 3.10 13.4 14.5
5 32 17
6 7 31

30 3 2 pietra focaia
0.11 10.10 13.? 14.?
5 30 32
7 31

26 1 1 coltello da macellaio
0.11 3.14 2.? 8.10 13.4 14.8
3 4 5 17 32
3 7 31 33

26 3 1 coltello-sega
0.11 3.12 2.? 13.3 14.8
3 4 17 32
3 7 31 33

26 2 1 coltello da tavola
0.8 3.10 2.? 13.2 14.4
3 4 17 32
3 7 31 33

29 1 2 forchetta
0.7 2.? 10.13 13.2 14.4
4 6 16 30 32 33
3 7 31

29 2 1 cucchiaio
0.8 2.? 10.2 13.2 14.4
4 5 16 30 32 33
3 7 31

29 3 1 mestolo
0.9 2.? 10.2 13.3 14.8
4 5 16 30 32 33
3 7 31

11 10 1 materasso di lana
0.2 11.7 6.? 13.9 14.13
4 11 10 28 32 38 39
6 7 28 31 37 40

11 11 2 pagliericcio
5.11 11.8 13.3 14.15
#
6 7 11 28 37 31 40

11 12 1 materasso di foglie
0.2 11.14 1.2 5.12 6.? 13.8 14.13
5 11 10 28 32 38 39
6 7 28 31 37 40

11 13 1 materasso crin
0.2 11.14 1.2 5.11 6.? 13.8 14.13
5 11 10 28 32 38 39
6 7 28 31 37 40

13 7 1 secchio
0.8 3.5 5.10 7.? 13.6 14.7
5 19 20 32
6 7 31 37

13 8 1 secchio del pozzo
0.9 6.? 7.? 10.? 11.6 13.8 14.8
5 19 20 28 32
6 7 31 28 37

19 3 2 spada
0.14 2.? 3.14 13.6 14.11
4 5 16 17 32
7 31

19 1 5 spadone
0.14 2.? 3.14 13.9 14.14
4 5 16 17 32
7 31

19 4 2 scimitarra
0.14 2.? 3.14 13.6 14.11
4 5 16 17 32
7 31

19 5 2 lancia
0.10 2.? 3.14 6.? 10.2 13.7 14.10
4 5 17 32
#

22 2 2 coperta ricamata
5.10 11.6 13.5 14.7
10 11 12 13 28
7 14 15 11 28

22 1 1 plaid scozzese
5.11 13.8 14.7
10 11 12 13 28
7 14 15 11 28

22 3 2 coperta militare
5.12 13.8 14.8
10 11 12 13 28
7 14 15 11 28

13 3 2 damigiana
0.5 1.5 7.? 13.10 14.13
2 3 5 18 19 20 32
3 7 31

13 4 2 bottiglia
0.2 1.5 7.? 3.13 4.12 13.6 14.5
2 3 4 5 17 18 19 20 21 32
3 31

13 5 3 alambicco
0.1 4.14 7.? 3.14 13.3 14.9
2 3 5 17 18 19 20 32 33
3 7 31

14 1 1 tappeto persiano
11.9 13.6 14.9
38 39 10 11 22 28
6 7 28 31 37

14 2 1 tappeto gruser
11.9 13.6 14.8
38 39 10 11 22 28
6 7 28 31 37

11 7 1 divano triclino
5.11 11.8 13.10 14.15
#
6 7 11 28 31 37

11 6 1 divano
5.12 11.8 13.10 14.15
#
6 7 11 28 31 37

11 8 2 poltrona
5.12 11.8 13.9 14.15
#
6 7 11 28 31 37

11 1 1 letto a una piazza
5.11 10.7 11.8 13.12 14.15
#
40 37 31 28 21 15 7 6 11

11 2 1 letto a due piazze
5.11 10.7 11.8 13.12 14.15
#
40 37 31 28 21 15 7 6 11

11 3 1 letto con baldacchino
5.11 10.7 11.8 13.12 14.15
#
40 37 31 28 21 15 7 6 11

11 4 1 letto a castello
5.11 10.7 11.8 13.13 14.15
#
40 37 31 28 21 15 7 6

11 5 2 branda
5.11 0.13 2.? 13.9 14.14
5 8 9 32
40 37 31 28 21 7 6

24 2 2 scatola di fiammiferi
0.1 11.12 13.2 14.4
28 32
#

4 1 1 tavolo Luigi XV
0.8 5.10 11.8 13.8 14.13
5 28 32
6 7 28 37 31

4 2 1 tavolo rustico
5.11 11.7 10.4 13.9 14.15
#
6 7 28 37 31

4 3 1 tavolo di marmo
5.12 11.5 13.12 14.15
#
6 7 28 37 31

4 4 1 tavolo rotondo
5.12 11.7 13.12 14.15
#
6 7 28 37 31

5 1 3 armadio Luigi XV
11.7 10.2 13.12 14.15
#
15 28 31 8 7 9

5 2 3 armadio a muro
13.15 14.15 11.7
#
28 31 8 9

12 1 2 sedia Luigi XV
13.6 14.11 0.6 5.10 11.7
5 28 32
6 7 28 37 31

12 2 2 cadrega cagoira
13.8 14.12 0.6 6.? 7.? 11.9 5.10
5 28 32
3 6 7 19 28 31 37

12 3 1 puff
13.6 14.9 0.10 5.11 11.10
5 11 28 32
6 7 28 31 37

12 4 1 banco da Chiesa
13.15 14.15 5.10 11.7
#
7 6 28 31 37

12 5 1 inginocchiatoio
13.15 14.15 5.11 11.7 10.4
#
6 7 28 31 37

12 6 5 sgabello
13.5 14.6 0.10 5.11 11.8
5 28 32
6 7 28 31 37

12 7 2 sedia rozza
13.7 14.11 0.8 5.12 10.4 11.8
5 28 32
6 7 28 31 37

12 8 2 panca
13.8 14.12 0.9 5.12 10.2 11.8
5 28 32
6 7 28 37

11 9 1 trono
13.15 14.15 5.12 11.10
#
6 28 31 37

13 1 1 fiasco
13.6 14.5 0.2 3.14 4.10 7.? 1.5
5 2 3 4 18 17 19 20 21 32
3 31

13 2 1 dubi
13.6 14.5 0.2 3.14 4.12 7.? 1.4
2 3 4 5 17 18 19 20 21 32
3 31

23 3 2 carta di Roletti
13.1 14.2 1.1 3.12 11.14
13 11 19 20 27 28 38 39 42
7 28 31

35 1 2 scarpa curam
13.1 14.4 0.8 6.? 7.? 11.3 12.9
3 5 11 19 20 28 32
31

35 2 2 pantofola
13.1 14.4 0.8 6.? 7.? 11.5 12.9
3 5 11 19 20 28 32
31

35 3 1 ciabot
13.6 14.6 0.10 7.? 11.8 12.12
3 5 11 19 20 28 32
31

20 5 1 lampadario 'd bosc
13.15 14.15 0.12 5.15 10.8 11.5 12.12
#
15 25 26 28 31

20 6 1 lampadario a lacrime
13.15 14.15 0.1 4.10 5.10
#
15 25 26 28 31

20 7 2 lacrima di cristallo
13.2 14.3 0.7 3.12 4.10
17 30 32 33
31

31 1 1 vaso da notte
13.3 14.6 0.10 2.? 3.? 5.11 7.?
3 16 19 20 32 37
6 7 31

31 2 2 vasca da bagno
13.15 14.15 0.5 7.? 9.? 10.10
#
8 9 18 19 20 31 37 40

31 3 1 lavandino
13.15 14.15 0.5 7.? 9.? 10.10
#
6 8 9 18 19 20 31

31 4 1 cesso con tazza
13.15 14.15 0.5 7.? 9.? 10.10
#
6 8 9 18 19 20 31 37

31 5 1 cesso turco
13.15 14.15 0.5 9.? 10.10
#
6 8 9 18 31

36 1 8 bras
13.9 14.10 0.6 2.? 5.12 7.?
3 5 8 9 19 20 32
6 7 8 9 25 26 31

8 6 2 piola
13.7 14.10 0.12 2.? 3.13 6.? 10.6 11.8
4 5 17 28 32
7 31

3 10 1 bastone polenta
13.3 14.8 0.10 6.? 10.8 11.8 12.10
4 5 28 32
#

15 1 1 paiolo
13.8 14.12 0.11 5.8 7.?
3 5 19 20 32 36 37
6 7 31

15 2 2 ramina
13.6 14.8 0.8 5.11 7.?
3 5 19 20 32 37
6 7 31

15 3 1 peilot
13.4 14.5 0.7 7.?
3 5 19 20 32
31

32 1 1 libro miniato
13.6 14.8 0.6 3.12 8.1 11.14
1 5 11 28 32 41
6 7 28 31

32 3 3 atlante militare
13.8 14.12 0.6 3.10 8.1 11.14
1 5 11 28 32 41
6 7 28 31

32 2 1 dizionario
13.6 14.8 0.6 3.10 8.1 11.14
1 5 11 28 32 41
6 7 28 31

38 1 2 scala a pioli
13.8 14.12 0.11 5.11 6.? 10.? 11.14 12.10
4 5 28 32
7 15 28 31

39 1 2 botte
13.11 14.14 0.13 6.? 7.? 9.? 10.? 11.10
#
6 7 19 20 28 31

33 1 1 piatto ceramica
13.1 14.4 0.3 10.13
5 16 17 19 20 30 32
6 7 31

33 2 1 piatto legno
13.1 14.4 0.8 10.6
5 16 19 20 32 28
6 7 31 28

34 1 1 bicchiere flute
13.3 14.3 0.1 3.5 4.14 7.? 10.12
5 16 17 18 19 20 30 32 33
7 31

34 2 1 bicchiere infrangibile
13.3 14.3 0.2 3.5 4.10 7.?
5 16 17 18 19 20 30 32 33
7 31

34 3 1 boccale
13.3 14.5 0.4 3.5 4.8 7.?
5 16 17 18 19 20 30 32 33
7 31

8 1 1 tridente
13.8 14.12 0.10 6.? 2.? 3.12 10.? 11.6 12.12
4 5 28 32
28 31

8 2 2 pala
13.8 14.11 0.9 6.? 2.? 3.7 11.6 12.12 10.?
4 5 17 28 32 16
28 31

8 4 2 lama di pala
13.5 14.7 0.11 2.? 3.11 8.?
4 5 16 17 29 32
29 31

8 5 2 picozza
13.6 14.10 0.10 2.? 3.7 6.? 11.6 12.10 10.?
4 5 16 17 28 32
28 31

10 3 6 tenaglie
13.3 14.5 0.11 2.? 3.13
4 5 17 32
31

10 2 2 mazza
13.8 14.10 0.12 2.? 6.? 11.6 12.12 10.?
4 5 28 32
28 31

10 1 1 martellino
13.3 14.5 0.10 2.? 6.? 11.7 12.12 10.?
4 5 28 32
28 31

16 2 1 torchio
13.14 14.15 0.14 6.? 7.? 9.? 10.? 11.10
#
6 7 19 20 28 31

9 2 1 diamante
13.1 14.1 3.8 8.8
1 17
#

9 3 2 corona
13.4 14.5 0.6 8.10
32
31

9 4 5 scettro
13.5 14.5 0.10
4 5 32
#

16 1 1 tino
13.11 14.14 0.13 6.? 7.? 9.? 10.? 11.10
#
6 7 19 20 28 31

41 1 1 balot
13.? 14.? 1.1 6.? 9.? 11.12
3 1 28 32
7 28 31

40 1 3 altare
13.15 14.15
#
6 31

27 1 1 femore
13.5 14.5 0.8 1.1 6.? 10.? 12.?
4 5 32 33
7 31

27 2 1 teschio
13.4 14.5 0.8 6.? 7.? 10.?
19 20 32
7 31

43 1 1 camino
13.15 14.15 8.?
#
36

44 1 1 pozzo
13.15 14.15
#
14

8 7 2 ranza
13.6 14.12 0.10 2.? 3.? 6.? 10.? 11.8 12.12
28 4 5 17 32
31

50 1 7 rovi
13.1 14.10 3.10 11.12
11 28
7 11 28 31

17 1 2 ramasa saggina
13.5 14.10 0.10 6.? 10.? 11.9 12.12
4 5 21 28 30 32
#

17 2 2 ramasa strega
13.15 14.10
22
#

21 1 2 radio
13.8 14.5 0.1
5 23 24 25 26 32
#

18 1 2 batteria 1.5V
13.3 14.4 0.12 2.?
32 23 24
#

18 2 2 batteria 4.5V
13.1 14.4 0.12 2.?
23 24 32
#

20 1 2 torcia elettrica
13.3 14.5 0.1
5 23 24 25 26 32
#

20 2 2 lampada a olio
13.4 14.5 0.4 2.? 7.?
3 5 25 26 32 30 19 20
31

20 3 2 lampada a petrolio
13.4 14.6 0.1 7.? 10.?
3 5 18 19 20 25 26 32
31

20 4 2 fiaccola
13.5 14.10 0.10 6.? 10.? 11.12 12.12
4 5 25 26 28 32
31

20 8 2 candela
13.3 14.4 0.1 11.0
1 5 25 26 28 32
31

24 1 1 fiammifero
13.1 14.1 6.? 11.12
1 25 26 28 30 33
#

46 6 1 clavicembalo
13.15 14.15 0.5 5.11 11.10
#
6 8 9 28 31 37

46 4 2 ghironda
13.6 14.4 0.2 7.? 11.13
9 8 5 11 19 20 32 28
7 28 31

46 9 1 salterio
13.6 14.7 0.2 7.? 11.13
9 8 5 11 19 20 32 28
7 28 31

46 7 1 violino
13.5 14.6 0.2 7.? 11.13
9 8 5 11 19 20 32 28
7 28 31

46 3 1 tamburo
13.8 14.10 0.5 7.? 11.13
5 11 19 20 28 32
7 28 31

46 8 1 flauto
13.1 14.4 0.2 11.13
4 5 8 9 28 32
28 31

46 5 1 cromorno
13.3 14.4 0.2 11.13
4 5 8 9 28 32
28 31

46 1 1 corno
13.4 14.5 0.4 8.11
4 5 8 9 32
31

46 2 2 tromba
13.5 14.6 0.4 8.11
4 5 8 9 32
31

46 10 2 campana
13.15 14.15 0.14
#
5 7 31 36

45 2 5 scaffale a muro
13.15 14.15 0.12 5.12 6.? 10.10 11.6 12.13
#
6 15 28 31 37 40

45 3 5 scaffale volante
13.13 14.15 0.12 5.12 6.? 10.10 11.6 12.13
#
6 7 15 28 31 37 40

45 1 1 reggi-dubi
13.9 14.13 0.9 5.11 6.? 10.10 11.6 12.13
5 28 32
6 7 15 28 31 37 40

31 6 1 rubinetto
13.15 14.15 0.10 2.? 8.11
#
8 9 18 29 31 33

13 9 3 innaffiatoio
13.7 14.8 0.8 2.? 3.5 7.?
3 5 18 19 20 32
7 31

51 1 2 borsa da pan
13.3 14.1 0.1 1.1 3.5 6.? 7.? 11.13
1 8 9 11 19 20 27 28 32 38 39 42
28 31 36

14 6 8 tappezzeria carta
13.2 14.4 6.15 11.10
1 11 28 38 39 42
11 28 31

14 7 8 tappezzeria canapa
13.2 14.4 11.13 6.15
1 11 28 38 39 42
11 28 31

49 1 2 mangiatoia cavalli
13.12 14.13 0.9 5.12 6.? 10.10 7.? 11.6 12.13
5 28 32 19 20
6 7 15 28 31 27 40

26 3 2 sega-coltello
13.5 14.6 0.8 2.? 3.10
4 5 16 17 32
7 31

26 4 2 sega
13.8 14.7 0.8 2.? 3.12
4 5 16 17 32
7 31

14 5 1 quadro
13.8 14.8 0.3 11.8
5 11 28 32
7 31

14 3 3 arazzo
13.8 14.9 0.6 11.8
5 11 28 32
7 31 11

48 1 2 statua
13.15 14.15 0.10
5 32
7 6 15 31

47 2 1 mantello
13.6 14.6 11.9 12.5 5.10
10 11 12 13 28 38 39
14 15 28 31

47 1 1 cappello giullare
13.3 14.3 11.9 5.9 12.5
5 10 11 12 13 19 20 28 32 36
28 31

35 5 7 sandali
13.3 14.4 0.7 1.3 11.3
1 5 11 12 13 16 28 32
6 28 31

35 4 6 scarpe menestrello
13.3 14.3 0.5 1.3 11.4
1 5 11 12 13 16 19 20 18 28 32
6 28 31

42 1 2 stufa 'd Castlamunt
13.15 14.15 0.4 5.15 7.? 10.10
#
6 8 9 15 19 20 25 26 31 37

10 5 6 tisoire
13.3 14.5 0.11 2.? 3.14
4 5 8 9 16 17 32
7 31

57 1 1 parafulmine
13.15 14.15 0.14 3.14 9.?
#
15 31

57 2 2 banderuola
13.15 14.15 0.10 3.3 9.?
#
15 31

55 1 1 ferro da cavallo
13.3 14.3 0.13 2.?
5 30 32
6 7 31

56 1 3 asse per tagliare
13.4 14.5 0.8 6.? 10.6 11.7
4 5 28 32
7 28 31

10 4 6 tenaglie
13.6 14.10 0.11 2.? 3.13
4 5 8 9 16 17 32
7 31

58 2 2 squela
13.3 14.4 0.2 7.?
3 5 16 19 20 18 32 33
3 7 31 37

58 1 1 salvadanaio
13.3 14.3 0.3 7.?
5 19 32
7 31

52 1 2 trula
13.3 14.2 0.6
45
#

52 2 1 cinci
13.5 14.7 0.8
45
#

52 4 9 scacchi
13.5 14.5 0.5
45
#

52 3 6 carte da gioco
13.3 14.2
45
#

53 1 2 testa cervo
13.8 14.9 0.6 3.3 11.2 6.15
1 3 5 16 28 32
3 7 28 31

53 2 2 testa stambecco
13.7 14.7 0.6 3.3 11.2 6.15
1 3 5 16 28 32
3 7 28 31

53 4 1 falco
13.6 14.6 0.6 3.3 11.2 6.15
1 3 5 28 32
3 7 28 31

53 3 2 volpe
13.6 14.6 0.6 3.3 11.2 6.15
1 3 5 28 32
3 7 28 31

54 1 3 attaccapanni
13.6 14.6 0.12 10.8 11.5 12.13
4 5 28 32
7 15 28 31

23 4 2 penna d'oca
13.1 14.1 0.3 11.13 3.5 6.15
1 28 30 32
28

23 5 1 calamaio
13.2 14.2 0.5 1.2 7.?
3 8 9 18 19 20 33 32
#

23 6 2 matita-matita
13.1 14.1 0.2 11.3 10.8
4 28 32 33
28

23 7 2 matita muratore
13.2 14.3 0.4 11.3 10.8
4 28 32 33
28

0
