* File "LUOGO.DAT"
* FORMATO DI CODIFICA:
*   <n^sottost.> <n^stanza appartenenza>
*   <GLPx> <GLPy>
*   <n^parete N> <tappezzeria> [ <#porta1N> <uscita> [ <#porta2N> ... ] ]
*   ...idem per E,S,O

7 7
25 25
4 38 11 6
45 38
4 38 12 18
4 38 13 16

8 8
15 18
4 13 15 10
63 13
4 13  9 5
4 13  14 9

11 11
15 7
2 9
4 9  17 10
4 9  16 9
4 9  18 12

12 12
15 7
60 32
4 32  18 11
2 32
2 32

6 6
25 25
3 12  10 5
11 12
4 12  11 7
2 12

5 5
20 35
5 9  9 8
4 9  7 4
4 9  10 6
4 9  8 15

9 9
15 12
3 9  16 11
4 9  14 8
2 9
2 9

10 10
15 12
45 6
2 6
4 6  15 8
4 6  17 11

13 13
10 15
74 13  20 143  21 55
4 13  2 1
32 13  19 0
4 13  6 4

1 1
50 25
2 3
13 3  1 0
9 3
6 3  2 13  3 2

2 2
7 15
2 13
4 13  3 1
4 13  4 3
4 13  5 4

3 3
5 10
4 14  4 2
2 14
2 14
2 14

4 4
50 25
63 38
6 38  5 2  6 13
45 38
38 38  7 5

19 16
30 75
22 9  49 21  50 20
7 9  29 0
22 9  51 22  52 23
4 9  28 18

20 16
10 20
46 9  30 0
2 9
1 9  50 19
2 9

21 16
10 20
46 9  32 0
4 9  31 24
1 9  49 19
2 9

22 16
10 20
1 9  51 19
2 9
46 9  139 0
4 9  140 26

23 16
10 20
1 9  52 19
53 9  33 105  34 25
46 9  36 0
4 9  35 28

24 17
10 20
48 20
64 20
35 20
4 20  31 21

17 15
40 22
4 14  24 16
1 14  48 18
4 14  26 30
47 14  25 0

18 15
40 22
4 14  12 7
4 14  28 19
4 14  27 28
1 14  48 17

27 20
10 10
4 20  37 26
2 20
2 20
2 20

* piano sopra, P2

105 83
10 30
2 16
2 16
87 16  33 23
4 16  138 97

63 51
25 30
4 11  84 58
11 11
4 11  89 64
2 11

64 52
25 30
4 10  89 63
20 10  90 65
75 28
2 10

93 75
10 30
6 11  126 103  137 102
4 11  128 98
6 11  127 100  134 99
1 11  129 94

94 75
10 15
4 11  130 104
1 11  129 93
2 11
1 11  131 95

95 75
30 30
1 11  132 96
26 11  131 94
4 11  124 90
5 11  109 80

96 75
60 30
2 11
84 11  133 97
1 11  132 95
6 11  108 79  106 78

97 75
12 7
4 11  100 73
3 11  138 105
2 11
1 11  133 96

73 59
30 25
3 34  92 65
4 34  96 70
5 34 100 97
4 34  99 74

68 55
12 20
9 10
2 10
4 10  94 70
2 10

69 56
12 15
2 12
2 12
4 12  95 70
2 12

72 58
12 15
4 14  98 70
34 14
9 14
2 14

70 57
30 35
24 20  94 68  95 69
47 20  97 71
3 20  98 72
4 20  96 73

60 49
5 5
9 32
2 32
4 32  87 61
2 32

61 50
50 20
4 15  87 60
3 15  85 58
19 15  384 62
12 15

62 50
50 20
19 15  384 61
2 15
4 15  88 77
12 15

54 43
50 25
2 9
9 9
9 9
3 9  79 55

55 44
20 15
74 11  21 13  80 0
4 11  79 54
9 11
4 11  81 56

58 47
30 30
4 8  86 59
4 8  83 56
3 8  84 63
5 8  85 61

59 48
20 30
2 15
2 15
4 15  86 58
35 15

56 45
25 30
4 32 82 57
4 32  81 55
9 32
4 32  83 58

57 46
25 30
9 6
2 6
4 6  82 56
2 6

113 90
20 20
4 20 144 107
4 20 147 112
4 20 148 114
48 20

114 91
40 50
6 32  148 113  146 112
90 32  78 26
6 32  149 124  150 115
9 32

113 90
20 20
4 20 144 107
4 20 147 112
4 20 148 114
48 20

115 92
40 30
4 32 150 114
2 32
5 32  151 116
12 32

142 118
20 7
2 20
5 20  179 145
2 20
29 20  180 144  383 143

143 118
10 7
2 20
71 20  383 142
98 20  20 13
2 20

26 19
10 40
2 14
4 14  140 23
3 14  37 27
51 14  78 114

25 18
10 20
2 15
2 15
9 15
4 15  34 23

71 57
10 5
44 20
44 20
44 20
4 15  97 70

* fine luoghi SMAU

0
