* File "PORTA.DAT"
* FORMATO DI CODIFICA:
*   <n^porta>
*   <tipo porta>  [ <stato iniziale> ]

1
1 2

2
0

3
0

4
1 1

5
0

6
0

7
0

8
2
*

9
0

10
1 0

11
1 0

12
1 0

13
1 2

14
1 0

15
0

16
0

17
0

18
1 1

19
2
*

20
0

21
0

24
2
*

25
1 2

26
2

27
1 2

28
1 1

29
1 2

30
1 2

31
0

32
1 2

33
0

34
0

35
2
*

36
1 2

37
1 1

48
0

49
0

50
0

51
0

52
0

78
0

79
0

80
1 2

81
0

82
0

83
1 1

84
1 1

85
1 0

86
1 1

87
1 1

88
1 2

89
1 1

90
1 2

92
1 2

93
1 2

94
1 1

95
1 1

96
0

97
1 1

98
0

99
1 2

100
0

106
1 2

108
1 2

109
1 2

124
1 2

126
1 2

127
1 2

128
1 2

129
0

130
1 2

131
0

132
0

133
0

134
1 2

137
1 2

138
0

139
1 2

140
0

144
1 2

146
1 2

147
1 2

148
1 1

149
1 2

150
1 1

151
1 2

179
1 2

180
1 2

383
0

* fine porte SMAU

0
